3207
3208
3210
3314
3417
3522
3523
3524
4107
4211
4212
4214
4319
4321
4322
4430
3101
3103
3105
3311
3312
3416
3420
3626
3628
3629
3630
4101
4102
4103
4105
4106
4209
4213
4315
4316
4317
4318
4320
4423
4424
4425
4426
4428
4429
5101
5102
5103
5105
5106
5107
1221
1222
1224
3104
5104
1101
1102
1103
1104
1106
1109
1113
1114
1217
1219
1220
1223
1326
1327
1328
2124
2125
2130
2201
2202
2203
2206
2207
2209
2211
2214
2215
2216
2217
1105
1108
1110
1215
1216
1218
1325
1329
1330
2118
2120
2121
2122
2126
2127
2129
2205
2208
2210
2212
2213
3206
3209
3313
3315
3525
4210
