1101
1102
1103
1104
1105
1106
1107
1108
1109
1110
1111
1112
1113
1114
1215
1216
1217
1218
1219
1220
1221
1222
1223
1224
1325
1326
1327
1328
1329
1330
2118
2119
2120
2121
2122
2123
2124
2125
2126
2127
2128
2129
2130
2201
2202
2203
2204
2205
2206
2207
2208
2209
2210
2211
2212
2213
2214
2215
2216
2217
3101
3102
3103
3104
3105
3206
3207
3208
3209
3210
3311
3312
3313
3314
3315
3416
3417
3419
3420
3521
3522
3523
3524
3525
3626
3628
3629
3630
4101
4102
4103
4104
4105
4106
4107
4208
4209
4210
4211
4212
4213
4214
4315
4316
4317
4318
4319
4320
4321
4322
4423
4424
4425
4426
4427
4428
4429
4430
5101
5102
5103
5104
5105
5106
5107
