1101	1
1102	1
1103	1
1104	1
1105	1
1106	1
1107	1
1108	1
1109	1
1110	1
1111	1
1112	1
1113	1
1114	1
1215	1
1216	1
1217	1
1218	1
1219	1
1220	1
1221	1
1222	1
1223	1
1224	1
1325	1
1326	1
1327	1
1328	1
1329	1
1330	1
2118	2
2119	2
2120	2
2121	2
2122	2
2123	2
2124	2
2125	2
2126	2
2127	2
2128	2
2129	2
2130	2
2201	2
2202	2
2203	2
2204	2
2205	2
2206	2
2207	2
2208	2
2209	2
2210	2
2211	2
2212	2
2213	2
2214	2
2215	2
2216	2
2217	2
3101	3
3102	3
3103	3
3104	3
3105	3
3206	3
3207	3
3208	3
3209	3
3210	3
3311	3
3312	3
3313	3
3314	3
3315	3
3416	3
3417	3
3419	3
3420	3
3521	3
3522	3
3523	3
3524	3
3525	3
3626	3
3628	3
3629	3
3630	3
4101	4
4102	4
4103	4
4104	4
4105	4
4106	4
4107	4
4208	4
4209	4
4210	4
4211	4
4212	4
4213	4
4214	4
4315	4
4316	4
4317	4
4318	4
4319	4
4320	4
4321	4
4322	4
4423	4
4424	4
4425	4
4426	4
4427	4
4428	4
4429	4
4430	4
5101	5
5102	5
5103	5
5104	5
5105	5
5106	5
5107	5
